207.920	0.131590	-2.40673
208.550	0.132386	-2.41518
209.190	0.133181	-2.42367
209.830	0.133976	-2.43222
210.470	0.134771	-2.44082
211.120	0.135191	-2.44947
211.770	0.135996	-2.45818
212.430	0.136816	-2.46694
213.080	0.137651	-2.47575
213.750	0.138503	-2.48461
214.420	0.139370	-2.49352
215.090	0.140252	-2.50249
215.770	0.141151	-2.51151
216.450	0.142065	-2.52058
217.130	0.142995	-2.52970
217.820	0.143940	-2.53888
218.510	0.144901	-2.54811
219.210	0.145878	-2.55738
219.910	0.146870	-2.56672
220.620	0.147879	-2.57485
221.330	0.148902	-2.58433
222.050	0.149942	-2.59391
222.770	0.150997	-2.60359
223.500	0.152068	-2.61338
224.230	0.153154	-2.62328
224.960	0.154257	-2.63328
225.700	0.155374	-2.64338
226.450	0.156508	-2.65359
227.200	0.157657	-2.66390
227.950	0.158822	-2.67431
228.710	0.160003	-2.68484
229.480	0.161199	-2.69546
230.250	0.162411	-2.70619
231.020	0.163888	-2.71952
231.800	0.165121	-2.73036
232.590	0.166360	-2.74120
233.380	0.167604	-2.75205
234.180	0.168854	-2.76289
234.980	0.170108	-2.77373
235.780	0.171368	-2.78458
236.600	0.172633	-2.79542
237.420	0.173903	-2.80626
238.240	0.175179	-2.81711
239.070	0.176460	-2.82795
239.910	0.177746	-2.83880
240.750	0.179037	-2.84964
241.600	0.180333	-2.86048
242.450	0.181635	-2.86884
243.310	0.182942	-2.87980
244.180	0.184254	-2.89086
245.050	0.185571	-2.90203
245.930	0.186894	-2.91330
246.810	0.188221	-2.92467
247.700	0.189554	-2.93615
248.600	0.190893	-2.94774
249.500	0.192236	-2.95942
250.410	0.193585	-2.97121
251.330	0.194939	-2.98311
252.260	0.196298	-2.99511
253.190	0.197662	-3.00722
254.120	0.199032	-3.01943
255.070	0.199912	-3.03175
256.020	0.201319	-3.04417
256.980	0.202751	-3.05669
257.940	0.204209	-3.06932
258.920	0.205694	-3.08205
259.900	0.207205	-3.09489
260.890	0.208741	-3.10783
261.880	0.210304	-3.12088
262.890	0.211893	-3.13403
263.900	0.213508	-3.14729
264.920	0.215150	-3.16065
265.940	0.216817	-3.17411
266.980	0.218511	-3.18768
268.020	0.220231	-3.20136
269.070	0.222099	-3.21513
270.130	0.223864	-3.22902
271.200	0.225649	-3.24301
272.270	0.227456	-3.25710
273.360	0.229283	-3.27129
274.450	0.231131	-3.28559
275.560	0.233000	-3.30000
276.670	0.234890	-3.31451
277.790	0.236801	-3.32912
278.920	0.238733	-3.34384
280.050	0.240685	-3.35867
281.200	0.242659	-3.37359
282.360	0.244653	-3.38863
283.530	0.246544	-3.40377
284.700	0.248583	-3.41901
285.890	0.250649	-3.43435
287.080	0.252740	-3.44980
288.290	0.254858	-3.46536
289.510	0.257002	-3.48102
290.730	0.259172	-3.49678
291.970	0.261368	-3.51265
293.220	0.263590	-3.52863
294.480	0.265838	-3.54470
295.750	0.268113	-3.56088
297.030	0.270414	-3.57717
298.320	0.272740	-3.59356
299.620	0.275093	-3.61006
300.940	0.277472	-3.62666
302.260	0.279877	-3.64337
303.600	0.282309	-3.66018
304.950	0.284766	-3.67709
306.310	0.287249	-3.69411
307.680	0.289759	-3.71123
309.070	0.292295	-3.72846
310.470	0.294857	-3.74579
311.880	0.297445	-3.76322
313.300	0.300059	-3.78077
314.740	0.302699	-3.79841
316.190	0.305900	-3.81700
317.650	0.309422	-3.83621
319.130	0.312313	-3.85529
320.620	0.315205	-3.87469
322.130	0.317846	-3.89566
323.650	0.320773	-3.91554
325.180	0.323765	-3.93542
326.730	0.326822	-3.95530
328.290	0.329944	-3.97518
329.870	0.333132	-3.99506
331.470	0.336385	-4.01494
333.070	0.339703	-4.03482
334.700	0.343087	-4.05470
336.340	0.346536	-4.07458
338.000	0.350050	-4.09446
339.670	0.353630	-4.11434
341.360	0.357384	-4.13202
343.070	0.361047	-4.15286
344.790	0.364742	-4.17435
346.530	0.368469	-4.19649
348.290	0.372230	-4.21929
350.070	0.376023	-4.24518
351.860	0.379848	-4.26867
353.680	0.383707	-4.29217
355.510	0.387598	-4.31566
357.360	0.391521	-4.33916
359.230	0.395478	-4.36265
361.120	0.399243	-4.38615
363.030	0.403356	-4.40964
364.960	0.407567	-4.43313
366.920	0.411876	-4.45663
368.890	0.416283	-4.48012
370.880	0.420788	-4.50116
372.900	0.425391	-4.52522
374.940	0.430092	-4.54993
377.000	0.434891	-4.57530
379.080	0.439788	-4.60132
381.190	0.444783	-4.62799
383.310	0.449990	-4.65759
385.470	0.455137	-4.68470
387.650	0.460349	-4.71181
389.850	0.465627	-4.73892
392.080	0.470971	-4.76602
394.330	0.476256	-4.79190
396.610	0.481756	-4.81927
398.920	0.487354	-4.84696
401.250	0.493050	-4.87498
403.610	0.498844	-4.90334
406.000	0.504736	-4.93201
408.410	0.510842	-4.95986
410.860	0.516888	-4.98960
413.330	0.523000	-5.02000
415.840	0.529177	-5.05105
418.370	0.535420	-5.08275
420.940	0.541355	-5.11759
423.540	0.547800	-5.15012
426.170	0.554409	-5.18265
428.830	0.561180	-5.21518
431.530	0.568115	-5.24771
434.260	0.575214	-5.28024
437.030	0.582358	-5.31043
439.830	0.589822	-5.34375
442.670	0.597482	-5.37771
445.540	0.605338	-5.41233
448.450	0.613391	-5.44761
451.400	0.621763	-5.48353
454.390	0.630185	-5.52011
457.420	0.638770	-5.55735
460.490	0.647519	-5.59523
463.600	0.656431	-5.63377
466.760	0.665506	-5.67297
469.960	0.674272	-5.71400
473.200	0.683821	-5.75413
476.480	0.693665	-5.79458
479.810	0.703803	-5.83537
483.190	0.714235	-5.87647
486.620	0.724961	-5.91791
490.100	0.735981	-5.95967
493.620	0.747294	-6.00176
497.200	0.758902	-6.04418
500.830	0.770804	-6.08692
504.510	0.783240	-6.13030
508.250	0.796334	-6.17581
512.040	0.809460	-6.22239
515.890	0.823191	-6.27027
519.800	0.837444	-6.31945
523.770	0.852220	-6.37222
527.790	0.867519	-6.42162
531.890	0.883339	-6.46972
536.040	0.899488	-6.51359
540.260	0.916654	-6.56359
544.550	0.934605	-6.61619
548.910	0.953339	-6.67289
553.330	0.972857	-6.72711
557.830	0.993531	-6.78132
562.400	1.01438	-6.83554
567.050	1.03561	-6.88976
571.780	1.05642	-6.94398
576.580	1.07922	-6.99819
581.470	1.10332	-7.05241
586.440	1.12976	-7.10560
591.490	1.15506	-7.16123
596.640	1.18036	-7.21817
601.870	1.20485	-7.27642
607.200	1.23187	-7.33597
612.620	1.26020	-7.39807
618.140	1.28983	-7.45952
623.760	1.32077	-7.52096
629.480	1.35302	-7.58241
635.310	1.38657	-7.64385
641.250	1.42143	-7.70530
647.300	1.45760	-7.76460
653.460	1.49507	-7.82870
659.740	1.53385	-7.89541
666.150	1.57217	-7.96562
672.680	1.61683	-8.03593
679.340	1.66541	-8.10755
686.130	1.71790	-8.18232
693.060	1.77432	-8.25074
700.140	1.83100	-8.31410
707.350	1.89806	-8.37916
714.720	1.97296	-8.44422
722.240	2.05794	-8.52381
729.930	2.14604	-8.57273
737.780	2.23936	-8.60468
745.800	2.34641	-8.61397
753.990	2.43627	-8.62122
762.370	2.51960	-8.61932
770.940	2.59640	-8.61249
779.700	2.66666	-8.58120
788.660	2.75263	-8.51563
797.830	2.79454	-8.46227
807.210	2.80641	-8.41020
816.830	2.78823	-8.35945
