251.57	2.3172	-0.57780
253.16	2.3317	-0.56970
254.75	2.3463	-0.56008
256.34	2.3607	-0.54889
257.93	2.3747	-0.53614
259.52	2.3880	-0.52188
261.12	2.4005	-0.50619
262.71	2.4118	-0.48921
264.30	2.4219	-0.47112
265.89	2.4306	-0.45212
267.48	2.4377	-0.43242
269.07	2.4433	-0.41225
270.67	2.4472	-0.39183
272.26	2.4496	-0.37138
273.85	2.4505	-0.35110
275.44	2.4499	-0.33116
277.03	2.4480	-0.31170
278.62	2.4449	-0.29286
280.22	2.4407	-0.27472
281.81	2.4356	-0.25736
283.40	2.4296	-0.24083
284.99	2.4229	-0.22515
286.58	2.4157	-0.21033
288.18	2.4080	-0.19638
289.77	2.3998	-0.18327
291.36	2.3914	-0.17099
292.95	2.3828	-0.15951
294.54	2.3740	-0.14878
296.14	2.3651	-0.13878
297.73	2.3561	-0.12948
299.32	2.3472	-0.12082
300.91	2.3383	-0.11277
302.50	2.3294	-0.10529
304.09	2.3206	-0.098354
305.69	2.3120	-0.091918
307.28	2.3034	-0.085950
308.87	2.2950	-0.080419
310.46	2.2868	-0.075296
312.05	2.2787	-0.070552
313.65	2.2707	-0.066162
315.24	2.2630	-0.062101
316.83	2.2554	-0.058346
318.42	2.2479	-0.054878
320.01	2.2406	-0.051675
321.61	2.2335	-0.048721
323.20	2.2266	-0.045998
324.79	2.2198	-0.043491
326.38	2.2132	-0.041186
327.97	2.2068	-0.039070
329.57	2.2005	-0.037130
331.16	2.1944	-0.035355
332.75	2.1885	-0.033734
334.34	2.1827	-0.032257
335.93	2.1770	-0.030917
337.52	2.1716	-0.029703
339.12	2.1662	-0.028609
340.71	2.1611	-0.027628
342.30	2.1560	-0.026751
343.89	2.1512	-0.025974
345.48	2.1465	-0.025275
347.08	2.1420	-0.024601
348.67	2.1377	-0.023947
350.26	2.1335	-0.023314
351.85	2.1293	-0.022700
353.44	2.1253	-0.022105
355.04	2.1214	-0.021529
356.63	2.1176	-0.020970
358.22	2.1138	-0.020429
359.81	2.1101	-0.019905
361.40	2.1065	-0.019396
362.99	2.1030	-0.018904
364.59	2.0996	-0.018426
366.18	2.0962	-0.017964
367.77	2.0929	-0.017515
369.36	2.0896	-0.017081
370.95	2.0864	-0.016659
372.54	2.0832	-0.016251
374.14	2.0801	-0.015855
375.73	2.0770	-0.015471
377.32	2.0740	-0.015098
378.91	2.0711	-0.014737
380.50	2.0682	-0.014387
382.10	2.0653	-0.014048
383.69	2.0624	-0.013718
385.28	2.0597	-0.013399
386.87	2.0569	-0.013089
388.46	2.0542	-0.012788
390.05	2.0515	-0.012497
391.64	2.0489	-0.012214
393.24	2.0462	-0.011939
394.83	2.0437	-0.011673
396.42	2.0411	-0.011414
398.01	2.0386	-0.011163
399.60	2.0361	-0.010919
401.19	2.0336	-0.010683
402.79	2.0312	-0.010453
404.38	2.0288	-0.010231
405.97	2.0264	-0.010014
407.56	2.0241	-0.0098042
409.15	2.0217	-0.0096002
410.74	2.0194	-0.0094022
412.33	2.0171	-0.0092098
413.93	2.0149	-0.0090230
415.52	2.0127	-0.0088416
417.11	2.0104	-0.0086653
418.70	2.0082	-0.0084942
420.29	2.0061	-0.0083279
421.88	2.0039	-0.0081663
423.47	2.0018	-0.0080094
425.06	1.9996	-0.0078569
426.65	1.9975	-0.0077088
428.25	1.9955	-0.0075648
429.84	1.9934	-0.0074249
431.43	1.9913	-0.0072890
433.02	1.9893	-0.0071569
434.61	1.9873	-0.0070286
436.20	1.9853	-0.0069039
437.79	1.9833	-0.0067826
439.38	1.9813	-0.0066648
440.97	1.9794	-0.0065503
442.57	1.9774	-0.0064390
444.16	1.9755	-0.0063308
445.75	1.9736	-0.0062257
447.34	1.9716	-0.0061235
448.93	1.9697	-0.0060241
450.52	1.9679	-0.0059275
452.11	1.9660	-0.0058337
453.70	1.9641	-0.0057425
455.29	1.9623	-0.0056538
456.88	1.9604	-0.0055676
458.47	1.9586	-0.0054838
460.06	1.9568	-0.0054024
461.65	1.9550	-0.0053232
463.24	1.9532	-0.0052463
464.84	1.9514	-0.0051715
466.43	1.9496	-0.0050989
468.02	1.9478	-0.0050283
469.61	1.9460	-0.0049596
471.20	1.9443	-0.0048929
472.79	1.9425	-0.0048282
474.38	1.9408	-0.0047652
475.97	1.9391	-0.0047040
477.56	1.9373	-0.0046446
479.15	1.9356	-0.0045869
480.74	1.9339	-0.0045308
482.33	1.9322	-0.0044763
483.92	1.9305	-0.0044235
485.51	1.9288	-0.0043721
487.10	1.9271	-0.0043222
488.69	1.9254	-0.0042738
490.28	1.9237	-0.0042268
491.87	1.9221	-0.0041812
493.46	1.9204	-0.0041370
495.05	1.9188	-0.0040940
496.64	1.9171	-0.0040524
498.23	1.9155	-0.0040120
499.82	1.9138	-0.0039728
501.41	1.9122	-0.0039348
503.00	1.9105	-0.0038980
504.59	1.9089	-0.0038623
506.18	1.9073	-0.0038277
507.77	1.9057	-0.0037942
509.36	1.9040	-0.0037618
510.94	1.9024	-0.0037304
512.53	1.9008	-0.0037000
514.12	1.8992	-0.0036707
515.71	1.8976	-0.0036422
517.30	1.8960	-0.0036148
518.89	1.8944	-0.0035882
520.48	1.8928	-0.0035626
522.07	1.8912	-0.0035378
523.66	1.8896	-0.0035139
525.25	1.8880	-0.0034908
526.84	1.8865	-0.0034686
528.43	1.8849	-0.0034472
530.02	1.8833	-0.0034266
531.60	1.8817	-0.0034067
533.19	1.8802	-0.0033876
534.78	1.8786	-0.0033693
536.37	1.8770	-0.0033517
537.96	1.8754	-0.0033348
539.55	1.8739	-0.0033186
541.14	1.8723	-0.0033031
542.73	1.8708	-0.0032882
544.31	1.8692	-0.0032740
545.90	1.8676	-0.0032605
547.49	1.8661	-0.0032476
549.08	1.8645	-0.0032353
550.67	1.8630	-0.0032236
552.26	1.8614	-0.0032126
553.84	1.8599	-0.0032021
555.43	1.8583	-0.0031922
557.02	1.8568	-0.0031828
558.61	1.8552	-0.0031740
560.20	1.8537	-0.0031658
561.78	1.8521	-0.0031581
563.37	1.8506	-0.0031509
564.96	1.8490	-0.0031442
566.55	1.8475	-0.0031381
568.14	1.8459	-0.0031324
569.72	1.8444	-0.0031273
571.31	1.8428	-0.0031226
572.90	1.8413	-0.0031184
574.49	1.8397	-0.0031146
576.07	1.8382	-0.0031114
577.66	1.8367	-0.0031085
579.25	1.8351	-0.0031062
580.84	1.8336	-0.0031042
582.42	1.8320	-0.0031027
584.01	1.8305	-0.0031017
585.60	1.8289	-0.0031010
587.18	1.8274	-0.0031007
588.77	1.8258	-0.0031009
590.36	1.8243	-0.0031015
591.95	1.8227	-0.0031024
593.53	1.8212	-0.0031038
595.12	1.8196	-0.0031055
596.71	1.8181	-0.0031076
598.29	1.8165	-0.0031101
599.88	1.8150	-0.0031130
601.47	1.8134	-0.0031162
603.05	1.8119	-0.0031197
604.64	1.8103	-0.0031237
606.23	1.8088	-0.0031280
607.81	1.8072	-0.0031326
609.40	1.8057	-0.0031376
610.98	1.8041	-0.0031429
612.57	1.8026	-0.0031485
614.16	1.8010	-0.0031545
615.74	1.7994	-0.0031608
617.33	1.7979	-0.0031675
618.91	1.7963	-0.0031744
620.50	1.7948	-0.0031817
622.09	1.7932	-0.0031893
623.67	1.7916	-0.0031971
625.26	1.7901	-0.0032053
626.84	1.7885	-0.0032138
628.43	1.7869	-0.0032226
630.01	1.7853	-0.0032317
631.60	1.7838	-0.0032411
633.18	1.7822	-0.0032508
634.77	1.7806	-0.0032608
636.35	1.7790	-0.0032711
637.94	1.7774	-0.0032816
639.52	1.7759	-0.0032925
641.11	1.7743	-0.0033036
642.69	1.7727	-0.0033150
644.28	1.7711	-0.0033266
645.86	1.7695	-0.0033386
647.45	1.7679	-0.0033508
649.03	1.7663	-0.0033633
650.62	1.7647	-0.0033760
652.20	1.7631	-0.0033890
653.79	1.7615	-0.0034023
655.37	1.7599	-0.0034159
656.96	1.7583	-0.0034297
658.54	1.7567	-0.0034437
660.12	1.7551	-0.0034580
661.71	1.7535	-0.0034726
663.29	1.7519	-0.0034875
664.88	1.7502	-0.0035025
666.46	1.7486	-0.0035179
668.04	1.7470	-0.0035335
669.63	1.7454	-0.0035493
671.21	1.7437	-0.0035654
672.79	1.7421	-0.0035817
674.38	1.7405	-0.0035983
675.96	1.7388	-0.0036151
677.54	1.7372	-0.0036322
679.13	1.7356	-0.0036495
680.71	1.7339	-0.0036671
682.29	1.7323	-0.0036848
683.88	1.7306	-0.0037029
685.46	1.7290	-0.0037212
687.04	1.7273	-0.0037397
688.62	1.7257	-0.0037584
690.21	1.7240	-0.0037774
691.79	1.7223	-0.0037966
693.37	1.7207	-0.0038161
694.95	1.7190	-0.0038358
696.54	1.7173	-0.0038557
698.12	1.7156	-0.0038759
699.70	1.7140	-0.0038963
701.28	1.7123	-0.0039169
702.87	1.7106	-0.0039378
704.45	1.7089	-0.0039589
706.03	1.7072	-0.0039802
707.61	1.7055	-0.0040017
709.19	1.7038	-0.0040235
710.77	1.7021	-0.0040456
712.36	1.7004	-0.0040678
713.94	1.6987	-0.0040903
715.52	1.6970	-0.0041130
717.10	1.6953	-0.0041360
718.68	1.6936	-0.0041591
720.26	1.6919	-0.0041826
721.84	1.6901	-0.0042062
723.42	1.6884	-0.0042301
725.00	1.6867	-0.0042542
726.59	1.6849	-0.0042785
728.17	1.6832	-0.0043030
729.75	1.6815	-0.0043278
731.33	1.6797	-0.0043529
732.91	1.6780	-0.0043781
734.49	1.6762	-0.0044036
736.07	1.6745	-0.0044293
737.65	1.6727	-0.0044552
739.23	1.6709	-0.0044814
740.81	1.6692	-0.0045078
742.39	1.6674	-0.0045345
743.97	1.6656	-0.0045613
745.55	1.6638	-0.0045884
747.13	1.6621	-0.0046158
748.71	1.6603	-0.0046433
750.29	1.6585	-0.0046711
751.86	1.6567	-0.0046992
753.44	1.6549	-0.0047274
755.02	1.6531	-0.0047559
756.60	1.6513	-0.0047847
758.18	1.6495	-0.0048137
759.76	1.6477	-0.0048429
761.34	1.6458	-0.0048723
762.92	1.6440	-0.0049020
764.50	1.6422	-0.0049319
766.07	1.6404	-0.0049621
767.65	1.6385	-0.0049925
769.23	1.6367	-0.0050231
770.81	1.6348	-0.0050540
772.39	1.6330	-0.0050851
773.96	1.6311	-0.0051165
775.54	1.6293	-0.0051481
777.12	1.6274	-0.0051800
778.70	1.6256	-0.0052120
780.28	1.6237	-0.0052444
781.85	1.6218	-0.0052770
783.43	1.6199	-0.0053098
785.01	1.6181	-0.0053429
786.59	1.6162	-0.0053762
788.16	1.6143	-0.0054098
789.74	1.6124	-0.0054436
791.32	1.6105	-0.0054777
792.89	1.6086	-0.0055120
794.47	1.6067	-0.0055466
796.05	1.6048	-0.0055814
797.62	1.6029	-0.0056165
799.20	1.6009	-0.0056518
800.77	1.5990	-0.0056874
802.35	1.5971	-0.0057233
803.93	1.5951	-0.0057594
805.50	1.5932	-0.0057958
807.08	1.5912	-0.0058324
808.65	1.5893	-0.0058693
810.23	1.5873	-0.0059065
811.81	1.5854	-0.0059439
813.38	1.5834	-0.0059816
814.96	1.5814	-0.0060196
816.53	1.5795	-0.0060578
818.11	1.5775	-0.0060963
819.68	1.5755	-0.0061351
821.26	1.5735	-0.0061741
822.83	1.5715	-0.0062134
824.41	1.5695	-0.0062530
825.98	1.5675	-0.0062929
827.55	1.5655	-0.0063331
829.13	1.5635	-0.0063735
830.70	1.5615	-0.0064142
832.28	1.5594	-0.0064552
833.85	1.5574	-0.0064964
835.43	1.5554	-0.0065380
837.00	1.5533	-0.0065798
838.57	1.5513	-0.0066220
840.15	1.5492	-0.0066644
841.72	1.5472	-0.0067071
843.29	1.5451	-0.0067501
844.87	1.5430	-0.0067934
846.44	1.5410	-0.0068370
848.01	1.5389	-0.0068809
849.59	1.5368	-0.0069251
851.16	1.5347	-0.0069695
852.73	1.5326	-0.0070143
854.30	1.5305	-0.0070594
855.88	1.5284	-0.0071048
857.45	1.5263	-0.0071506
859.02	1.5242	-0.0071966
860.59	1.5220	-0.0072429
862.16	1.5199	-0.0072896
863.74	1.5178	-0.0073365
865.31	1.5156	-0.0073838
866.88	1.5135	-0.0074314
868.45	1.5113	-0.0074794
870.02	1.5092	-0.0075276
871.59	1.5070	-0.0075762
873.16	1.5048	-0.0076251
874.74	1.5027	-0.0076743
876.31	1.5005	-0.0077239
877.88	1.4983	-0.0077738
879.45	1.4961	-0.0078240
881.02	1.4939	-0.0078746
882.59	1.4917	-0.0079255
884.16	1.4895	-0.0079768
885.73	1.4873	-0.0080284
887.30	1.4850	-0.0080804
888.87	1.4828	-0.0081327
890.44	1.4806	-0.0081853
892.01	1.4783	-0.0082384
893.58	1.4761	-0.0082917
895.15	1.4738	-0.0083455
896.72	1.4715	-0.0083996
898.29	1.4693	-0.0084540
899.86	1.4670	-0.0085089
901.42	1.4647	-0.0085641
902.99	1.4624	-0.0086197
904.56	1.4601	-0.0086756
906.13	1.4578	-0.0087320
907.70	1.4555	-0.0087887
909.27	1.4532	-0.0088458
910.83	1.4509	-0.0089033
912.40	1.4486	-0.0089612
913.97	1.4462	-0.0090194
915.54	1.4439	-0.0090781
917.11	1.4415	-0.0091372
918.67	1.4392	-0.0091967
920.24	1.4368	-0.0092566
921.81	1.4344	-0.0093168
923.38	1.4321	-0.0093776
924.94	1.4297	-0.0094387
926.51	1.4273	-0.0095002
928.08	1.4249	-0.0095622
929.64	1.4225	-0.0096246
931.21	1.4201	-0.0096874
932.78	1.4176	-0.0097506
934.34	1.4152	-0.0098143
935.91	1.4128	-0.0098785
937.47	1.4103	-0.0099430
939.04	1.4079	-0.010008
940.61	1.4054	-0.010074
942.17	1.4030	-0.010139
943.74	1.4005	-0.010206
945.30	1.3980	-0.010273
946.87	1.3955	-0.010340
948.43	1.3930	-0.010408
950.00	1.3905	-0.010476
951.56	1.3880	-0.010545
953.13	1.3855	-0.010614
954.69	1.3830	-0.010684
956.25	1.3805	-0.010754
957.82	1.3779	-0.010825
959.38	1.3754	-0.010896
960.95	1.3728	-0.010967
962.51	1.3702	-0.011040
964.07	1.3677	-0.011112
965.64	1.3651	-0.011186
967.20	1.3625	-0.011259
968.76	1.3599	-0.011334
970.33	1.3573	-0.011409
971.89	1.3547	-0.011484
973.45	1.3521	-0.011560
975.02	1.3494	-0.011636
976.58	1.3468	-0.011713
978.14	1.3441	-0.011791
979.70	1.3415	-0.011869
981.26	1.3388	-0.011948
982.83	1.3361	-0.012027
984.39	1.3335	-0.012107
985.95	1.3308	-0.012187
987.51	1.3281	-0.012268
989.07	1.3254	-0.012350
990.63	1.3226	-0.012432
992.20	1.3199	-0.012515
993.76	1.3172	-0.012599
995.32	1.3144	-0.012683
996.88	1.3117	-0.012767
998.44	1.3089	-0.012853
1000.0	1.3061	-0.012939
