   2.0660000e-01   1.7740315e+00   1.4868163e+00
   2.1089508e-01   1.7408903e+00   1.4907547e+00
   2.1527946e-01   1.7064517e+00   1.5012004e+00
   2.1975498e-01   1.6715338e+00   1.5180686e+00
   2.2432355e-01   1.6369615e+00   1.5411438e+00
   2.2898709e-01   1.6035424e+00   1.5700778e+00
   2.3374759e-01   1.5720380e+00   1.6043974e+00
   2.3860705e-01   1.5431317e+00   1.6435234e+00
   2.4356754e-01   1.5173991e+00   1.6867988e+00
   2.4863116e-01   1.4952850e+00   1.7335243e+00
   2.5380004e-01   1.4770908e+00   1.7829936e+00
   2.5907639e-01   1.4629736e+00   1.8345272e+00
   2.6446242e-01   1.4529564e+00   1.8874982e+00
   2.6996043e-01   1.4469458e+00   1.9413501e+00
   2.7557273e-01   1.4447550e+00   1.9956077e+00
   2.8130172e-01   1.4461271e+00   2.0498796e+00
   2.8714980e-01   1.4507577e+00   2.1038569e+00
   2.9311946e-01   1.4583139e+00   2.1573079e+00
   2.9921323e-01   1.4684511e+00   2.2100713e+00
   3.0543368e-01   1.4808251e+00   2.2620482e+00
   3.1178346e-01   1.4951022e+00   2.3131941e+00
   3.1826524e-01   1.5109660e+00   2.3635113e+00
   3.2488177e-01   1.5281229e+00   2.4130415e+00
   3.3163586e-01   1.5463054e+00   2.4618588e+00
   3.3853036e-01   1.5652744e+00   2.5100640e+00
   3.4556819e-01   1.5848206e+00   2.5577783e+00
   3.5275233e-01   1.6047652e+00   2.6051389e+00
   3.6008583e-01   1.6249600e+00   2.6522937e+00
   3.6757179e-01   1.6452867e+00   2.6993972e+00
   3.7521337e-01   1.6656563e+00   2.7466067e+00
   3.8301382e-01   1.6860080e+00   2.7940785e+00
   3.9097643e-01   1.7063077e+00   2.8419651e+00
   3.9910459e-01   1.7265462e+00   2.8904121e+00
   4.0740172e-01   1.7467376e+00   2.9395555e+00
   4.1587134e-01   1.7669168e+00   2.9895201e+00
   4.2451704e-01   1.7871376e+00   3.0404172e+00
   4.3334248e-01   1.8074701e+00   3.0923432e+00
   4.4235140e-01   1.8279985e+00   3.1453785e+00
   4.5154761e-01   1.8488180e+00   3.1995870e+00
   4.6093499e-01   1.8700328e+00   3.2550149e+00
   4.7051754e-01   1.8917534e+00   3.3116914e+00
   4.8029930e-01   1.9140939e+00   3.3696281e+00
   4.9028442e-01   1.9371697e+00   3.4288200e+00
   5.0047712e-01   1.9610951e+00   3.4892456e+00
   5.1088173e-01   1.9859811e+00   3.5508685e+00
   5.2150263e-01   2.0119336e+00   3.6136377e+00
   5.3234434e-01   2.0390512e+00   3.6774897e+00
   5.4341144e-01   2.0674237e+00   3.7423492e+00
   5.5470862e-01   2.0971304e+00   3.8081313e+00
   5.6624067e-01   2.1282390e+00   3.8747427e+00
   5.7801245e-01   2.1608045e+00   3.9420836e+00
   5.9002896e-01   2.1948680e+00   4.0100498e+00
   6.0229529e-01   2.2304562e+00   4.0785345e+00
   6.1481663e-01   2.2675807e+00   4.1474301e+00
   6.2759828e-01   2.3062378e+00   4.2166305e+00
   6.4064565e-01   2.3464082e+00   4.2860335e+00
   6.5396427e-01   2.3880573e+00   4.3555425e+00
   6.6755977e-01   2.4311353e+00   4.4250689e+00
   6.8143791e-01   2.4755782e+00   4.4945347e+00
   6.9560458e-01   2.5213082e+00   4.5638742e+00
   7.1006576e-01   2.5682355e+00   4.6330365e+00
   7.2482757e-01   2.6162592e+00   4.7019876e+00
   7.3989628e-01   2.6652701e+00   4.7707123e+00
   7.5527826e-01   2.7151523e+00   4.8392159e+00
   7.7098001e-01   2.7657864e+00   4.9075258e+00
   7.8700820e-01   2.8170525e+00   4.9756926e+00
   8.0336960e-01   2.8688342e+00   5.0437906e+00
   8.2007115e-01   2.9210221e+00   5.1119182e+00
   8.3711991e-01   2.9735187e+00   5.1801975e+00
   8.5452310e-01   3.0262431e+00   5.2487726e+00
   8.7228809e-01   3.0791361e+00   5.3178080e+00
   8.9042241e-01   3.1321662e+00   5.3874851e+00
   9.0893373e-01   3.1853343e+00   5.4579981e+00
   9.2782988e-01   3.2386803e+00   5.5295485e+00
   9.4711888e-01   3.2922886e+00   5.6023376e+00
   9.6680888e-01   3.3462932e+00   5.6765585e+00
   9.8690823e-01   3.4008829e+00   5.7523848e+00
   1.0074254e+00   3.4563057e+00   5.8299586e+00
   1.0283692e+00   3.5128710e+00   5.9093760e+00
   1.0497483e+00   3.5709515e+00   5.9906701e+00
   1.0715719e+00   3.6309816e+00   6.0737927e+00
   1.0938492e+00   3.6934529e+00   6.1585938e+00
   1.1165896e+00   3.7589061e+00   6.2448001e+00
   1.1398028e+00   3.8279172e+00   6.3319933e+00
   1.1634986e+00   3.9010771e+00   6.4195899e+00
   1.1876870e+00   3.9789647e+00   6.5068236e+00
   1.2123783e+00   4.0621107e+00   6.5927354e+00
   1.2375828e+00   4.1509524e+00   6.6761722e+00
   1.2633114e+00   4.2457812e+00   6.7557994e+00
   1.2895749e+00   4.3466814e+00   6.8301325e+00
   1.3163843e+00   4.4534671e+00   6.8975887e+00
   1.3437511e+00   4.5656200e+00   6.9565622e+00
   1.3716868e+00   4.6822379e+00   7.0055212e+00
   1.4002033e+00   4.8020008e+00   7.0431210e+00
   1.4293127e+00   4.9231651e+00   7.0683246e+00
   1.4590272e+00   5.0435935e+00   7.0805172e+00
   1.4893594e+00   5.1608230e+00   7.0796006e+00
   1.5203223e+00   5.2721709e+00   7.0660537e+00
   1.5519288e+00   5.3748690e+00   7.0409502e+00
   1.5841924e+00   5.4662144e+00   7.0059285e+00
   1.6171268e+00   5.5437190e+00   6.9631196e+00
   1.6507458e+00   5.6052427e+00   6.9150407e+00
   1.6850638e+00   5.6490947e+00   6.8644703e+00
   1.7200952e+00   5.6740978e+00   6.8143175e+00
   1.7558549e+00   5.6796117e+00   6.7675007e+00
   1.7923580e+00   5.6655208e+00   6.7268443e+00
   1.8296200e+00   5.6321940e+00   6.6949984e+00
   1.8676566e+00   5.5804273e+00   6.6743822e+00
   1.9064840e+00   5.5113779e+00   6.6671478e+00
   1.9461186e+00   5.4264994e+00   6.6751593e+00
   1.9865772e+00   5.3274816e+00   6.6999819e+00
   2.0278769e+00   5.2161981e+00   6.7428751e+00
   2.0700352e+00   5.0946600e+00   6.8047878e+00
   2.1130699e+00   4.9649739e+00   6.8863533e+00
   2.1569993e+00   4.8292998e+00   6.9878859e+00
   2.2018419e+00   4.6898063e+00   7.1093839e+00
   2.2476168e+00   4.5486210e+00   7.2505408e+00
   2.2943433e+00   4.4077770e+00   7.4107696e+00
   2.3420413e+00   4.2691603e+00   7.5892410e+00
   2.3907308e+00   4.1344602e+00   7.7849341e+00
   2.4404326e+00   4.0051322e+00   7.9966947e+00
   2.4911677e+00   3.8823745e+00   8.2232958e+00
   2.5429575e+00   3.7671216e+00   8.4634951e+00
   2.5958239e+00   3.6600541e+00   8.7160832e+00
   2.6497895e+00   3.5616215e+00   8.9799212e+00
   2.7048769e+00   3.4720729e+00   9.2539664e+00
   2.7611096e+00   3.3914927e+00   9.5372869e+00
   2.8185113e+00   3.3198361e+00   9.8290670e+00
   2.8771064e+00   3.2569623e+00   1.0128606e+01
   2.9369196e+00   3.2026634e+00   1.0435311e+01
   2.9979763e+00   3.1566890e+00   1.0748690e+01
   3.0603023e+00   3.1187650e+00   1.1068339e+01
   3.1239241e+00   3.0886086e+00   1.1393935e+01
   3.1888685e+00   3.0659397e+00   1.1725219e+01
   3.2551630e+00   3.0504884e+00   1.2061994e+01
   3.3228358e+00   3.0420005e+00   1.2404110e+01
   3.3919155e+00   3.0402409e+00   1.2751459e+01
   3.4624312e+00   3.0449958e+00   1.3103970e+01
   3.5344130e+00   3.0560731e+00   1.3461599e+01
   3.6078912e+00   3.0733033e+00   1.3824326e+01
   3.6828970e+00   3.0965386e+00   1.4192151e+01
   3.7594621e+00   3.1256524e+00   1.4565091e+01
   3.8376189e+00   3.1605385e+00   1.4943175e+01
   3.9174006e+00   3.2011100e+00   1.5326444e+01
   3.9988409e+00   3.2472984e+00   1.5714947e+01
   4.0819742e+00   3.2990521e+00   1.6108737e+01
   4.1668359e+00   3.3563357e+00   1.6507876e+01
   4.2534618e+00   3.4191292e+00   1.6912426e+01
   4.3418885e+00   3.4874265e+00   1.7322455e+01
   4.4321537e+00   3.5612347e+00   1.7738029e+01
   4.5242953e+00   3.6405736e+00   1.8159218e+01
   4.6183526e+00   3.7254743e+00   1.8586090e+01
   4.7143652e+00   3.8159792e+00   1.9018712e+01
   4.8123739e+00   3.9121404e+00   1.9457152e+01
   4.9124201e+00   4.0140202e+00   1.9901473e+01
   5.0145462e+00   4.1216894e+00   2.0351739e+01
   5.1187954e+00   4.2352275e+00   2.0808010e+01
   5.2252119e+00   4.3547219e+00   2.1270341e+01
   5.3338408e+00   4.4802676e+00   2.1738788e+01
   5.4447279e+00   4.6119664e+00   2.2213400e+01
   5.5579204e+00   4.7499267e+00   2.2694223e+01
   5.6734660e+00   4.8942632e+00   2.3181299e+01
   5.7914138e+00   5.0450960e+00   2.3674664e+01
   5.9118136e+00   5.2025508e+00   2.4174352e+01
   6.0347165e+00   5.3667582e+00   2.4680389e+01
   6.1601744e+00   5.5378533e+00   2.5192797e+01
   6.2882405e+00   5.7159752e+00   2.5711593e+01
   6.4189691e+00   5.9012671e+00   2.6236789e+01
   6.5524154e+00   6.0938753e+00   2.6768387e+01
   6.6886360e+00   6.2939493e+00   2.7306389e+01
   6.8276885e+00   6.5016409e+00   2.7850785e+01
   6.9696318e+00   6.7171045e+00   2.8401564e+01
   7.1145260e+00   6.9404960e+00   2.8958703e+01
   7.2624325e+00   7.1719726e+00   2.9522177e+01
   7.4134139e+00   7.4116928e+00   3.0091951e+01
   7.5675341e+00   7.6598153e+00   3.0667985e+01
   7.7248583e+00   7.9164991e+00   3.1250233e+01
   7.8854532e+00   8.1819026e+00   3.1838639e+01
   8.0493868e+00   8.4561835e+00   3.2433142e+01
   8.2167285e+00   8.7394982e+00   3.3033675e+01
   8.3875490e+00   9.0320015e+00   3.3640162e+01
   8.5619209e+00   9.3338457e+00   3.4252521e+01
   8.7399178e+00   9.6451806e+00   3.4870665e+01
   8.9216151e+00   9.9661528e+00   3.5494498e+01
   9.1070899e+00   1.0296905e+01   3.6123918e+01
   9.2964205e+00   1.0637576e+01   3.6758818e+01
   9.4896872e+00   1.0988301e+01   3.7399085e+01
   9.6869718e+00   1.1349208e+01   3.8044598e+01
   9.8883578e+00   1.1720421e+01   3.8695233e+01
   1.0093930e+01   1.2102058e+01   3.9350859e+01
   1.0303777e+01   1.2494230e+01   4.0011342e+01
   1.0517986e+01   1.2897042e+01   4.0676543e+01
   1.0736648e+01   1.3310591e+01   4.1346317e+01
