234.000	1.68110	-3.41470
236.000	1.69996	-3.41139
238.000	1.68464	-3.42029
240.000	1.66492	-3.43233
242.000	1.66478	-3.46248
244.000	1.66832	-3.50701
246.000	1.66337	-3.55715
248.000	1.66643	-3.61591
250.000	1.67890	-3.67720
252.000	1.68961	-3.75294
254.000	1.71188	-3.82946
256.000	1.72760	-3.90768
258.000	1.75568	-4.00092
260.000	1.78597	-4.09421
262.000	1.82678	-4.20482
264.000	1.88022	-4.31735
266.000	1.94539	-4.45249
268.000	2.02111	-4.59015
270.000	2.12918	-4.72600
272.000	2.26756	-4.87356
274.000	2.43722	-5.00416
276.000	2.62568	-5.11521
278.000	2.83558	-5.21399
280.000	3.05421	-5.28609
282.000	3.28124	-5.34277
284.000	3.54089	-5.39224
286.000	3.83813	-5.40549
288.000	4.16266	-5.35918
290.000	4.47284	-5.22294
292.000	4.74306	-5.00746
294.000	4.92263	-4.76027
296.000	5.02339	-4.52633
298.000	5.08754	-4.31384
300.000	5.11720	-4.12810
302.000	5.12811	-3.97222
304.000	5.12789	-3.83636
306.000	5.12168	-3.72403
308.000	5.11550	-3.62614
310.000	5.11483	-3.53910
312.000	5.10794	-3.46822
314.000	5.10874	-3.40524
316.000	5.11162	-3.34661
318.000	5.11333	-3.29791
320.000	5.12233	-3.25181
322.000	5.13007	-3.21126
324.000	5.14172	-3.17180
326.000	5.15857	-3.13723
328.000	5.18159	-3.10338
330.000	5.20014	-3.06807
332.000	5.21065	-3.04096
334.000	5.23578	-3.01199
336.000	5.25860	-2.98720
338.000	5.28017	-2.96839
340.000	5.30486	-2.95047
342.000	5.33396	-2.93550
344.000	5.36585	-2.92373
346.000	5.40538	-2.91611
348.000	5.45054	-2.91348
350.000	5.50564	-2.91967
352.000	5.57313	-2.92962
354.000	5.65961	-2.94393
356.000	5.77829	-2.95526
358.000	5.92675	-2.95744
360.000	6.11459	-2.92368
362.000	6.33026	-2.83932
364.000	6.54571	-2.68490
366.000	6.72819	-2.46540
368.000	6.85519	-2.19788
370.000	6.91533	-1.91195
372.000	6.91082	-1.62666
374.000	6.85151	-1.36843
376.000	6.75105	-1.14729
378.000	6.62932	-0.964795
380.000	6.49899	-0.818570
382.000	6.36150	-0.699564
384.000	6.24543	-0.613961
386.000	6.13798	-0.544000
388.000	6.03361	-0.485524
390.000	5.93957	-0.437199
392.000	5.85178	-0.395636
394.000	5.77561	-0.362582
396.000	5.70090	-0.332778
398.000	5.62874	-0.307315
400.000	5.56147	-0.285908
402.000	5.50008	-0.266468
404.000	5.44026	-0.248604
406.000	5.38467	-0.233323
408.000	5.33223	-0.219379
410.000	5.28352	-0.206920
412.000	5.23670	-0.195198
414.000	5.19274	-0.185130
416.000	5.14956	-0.176174
418.000	5.10984	-0.167482
420.000	5.07300	-0.160195
422.000	5.03739	-0.153434
424.000	5.00206	-0.145531
426.000	4.96901	-0.139086
428.000	4.93778	-0.133935
430.000	4.90868	-0.128692
432.000	4.88033	-0.123657
434.000	4.85335	-0.118470
436.000	4.82984	-0.114031
438.000	4.80346	-0.110594
440.000	4.77858	-0.106039
442.000	4.75437	-0.102622
444.000	4.72956	-0.0991700
446.000	4.70643	-0.0956680
448.000	4.68368	-0.0927280
450.000	4.66330	-0.0897880
452.000	4.64175	-0.0866910
454.000	4.62138	-0.0840370
456.000	4.60166	-0.0816580
458.000	4.58252	-0.0794380
460.000	4.56390	-0.0772260
462.000	4.54573	-0.0748440
464.000	4.52808	-0.0724910
466.000	4.51104	-0.0702650
468.000	4.49458	-0.0681760
470.000	4.47870	-0.0662200
472.000	4.46346	-0.0644110
474.000	4.44848	-0.0627620
476.000	4.43318	-0.0613960
478.000	4.41790	-0.0601510
480.000	4.40320	-0.0587520
482.000	4.38954	-0.0569360
484.000	4.37632	-0.0551190
486.000	4.36298	-0.0536600
488.000	4.34978	-0.0524370
490.000	4.33723	-0.0512330
492.000	4.32574	-0.0498920
494.000	4.31461	-0.0485800
496.000	4.30329	-0.0473660
498.000	4.29190	-0.0462740
500.000	4.28070	-0.0453480
502.000	4.26985	-0.0446580
504.000	4.25917	-0.0440040
506.000	4.24854	-0.0431860
508.000	4.23804	-0.0422590
510.000	4.22777	-0.0413240
512.000	4.21784	-0.0404500
514.000	4.20828	-0.0395690
516.000	4.19931	-0.0385970
518.000	4.19076	-0.0376170
520.000	4.18243	-0.0367620
522.000	4.17413	-0.0361520
524.000	4.16594	-0.0356420
526.000	4.15786	-0.0351950
528.000	4.14983	-0.0347350
530.000	4.14173	-0.0341370
532.000	4.13340	-0.0332580
534.000	4.12527	-0.0323570
536.000	4.11790	-0.0316490
538.000	4.11099	-0.0310910
540.000	4.10403	-0.0306090
542.000	4.09661	-0.0301720
544.000	4.08913	-0.0297360
546.000	4.08178	-0.0292170
548.000	4.07460	-0.0286500
550.000	4.06766	-0.0281010
552.000	4.06108	-0.0276180
554.000	4.05463	-0.0271430
556.000	4.04804	-0.0266420
558.000	4.04144	-0.0261210
560.000	4.03509	-0.0255830
562.000	4.02917	-0.0250140
564.000	4.02341	-0.0245230
566.000	4.01762	-0.0242970
568.000	4.01181	-0.0242030
570.000	4.00605	-0.0240230
572.000	4.00037	-0.0235690
574.000	3.99476	-0.0230550
576.000	3.98924	-0.0225740
578.000	3.98383	-0.0221620
580.000	3.97857	-0.0218740
582.000	3.97350	-0.0217970
584.000	3.96856	-0.0217310
586.000	3.96376	-0.0214450
588.000	3.95901	-0.0210610
590.000	3.95420	-0.0208030
592.000	3.94916	-0.0208710
594.000	3.94417	-0.0209150
596.000	3.93951	-0.0205610
598.000	3.93502	-0.0200040
600.000	3.93040	-0.0195770
602.000	3.92536	-0.0195550
604.000	3.92049	-0.0195940
606.000	3.91643	-0.0195230
608.000	3.91284	-0.0193000
610.000	3.90918	-0.0188430
612.000	3.90498	-0.0180040
614.000	3.90075	-0.0172640
616.000	3.89686	-0.0172670
618.000	3.89314	-0.0176550
620.000	3.88923	-0.0178160
622.000	3.88484	-0.0172390
624.000	3.88060	-0.0165790
626.000	3.87722	-0.0163210
628.000	3.87433	-0.0163080
630.000	3.87129	-0.0162450
632.000	3.86762	-0.0159230
634.000	3.86384	-0.0155900
636.000	3.86015	-0.0154140
638.000	3.85661	-0.0153410
640.000	3.85330	-0.0152740
642.000	3.85035	-0.0151440
644.000	3.84741	-0.0150280
646.000	3.84414	-0.0150340
648.000	3.84058	-0.0150590
650.000	3.83676	-0.0149240
652.000	3.83258	-0.0144630
654.000	3.82873	-0.0139480
656.000	3.82634	-0.0135720
658.000	3.82465	-0.0133270
660.000	3.82237	-0.0131820
662.000	3.81835	-0.0131440
664.000	3.81419	-0.0131780
666.000	3.81105	-0.0132920
668.000	3.80868	-0.0134260
670.000	3.80660	-0.0135050
672.000	3.80461	-0.0134620
674.000	3.80249	-0.0132840
676.000	3.79975	-0.0127940
678.000	3.79659	-0.0121910
680.000	3.79337	-0.0118120
682.000	3.79029	-0.0119830
684.000	3.78747	-0.0121730
686.000	3.78541	-0.0118830
688.000	3.78369	-0.0113240
690.000	3.78162	-0.0108650
692.000	3.77856	-0.0107820
694.000	3.77553	-0.0107920
696.000	3.77367	-0.0107200
698.000	3.77232	-0.0106260
700.000	3.77036	-0.0106530
702.000	3.76683	-0.0109310
704.000	3.76315	-0.0110990
706.000	3.76046	-0.0106820
708.000	3.75840	-0.00995200
710.000	3.75630	-0.00935600
712.000	3.75373	-0.00925700
714.000	3.75109	-0.00928400
716.000	3.74858	-0.00919000
718.000	3.74618	-0.00908300
720.000	3.74382	-0.00919100
722.000	3.74147	-0.00971700
724.000	3.73923	-0.0101980
726.000	3.73717	-0.0101350
728.000	3.73537	-0.00974000
730.000	3.73406	-0.00938900
732.000	3.73349	-0.00937500
734.000	3.73286	-0.00933600
736.000	3.73133	-0.00896200
738.000	3.72915	-0.00841300
740.000	3.72669	-0.00793700
742.000	3.72414	-0.00771900
744.000	3.72182	-0.00767700
746.000	3.72038	-0.00802900
748.000	3.71945	-0.00846200
750.000	3.71840	-0.00843600
752.000	3.71676	-0.00741200
754.000	3.71489	-0.00635800
756.000	3.71292	-0.00616300
758.000	3.71084	-0.00652900
760.000	3.70860	-0.00693500
762.000	3.70610	-0.00704200
764.000	3.70381	-0.00702800
766.000	3.70233	-0.00677300
768.000	3.70138	-0.00645300
770.000	3.70049	-0.00636000
772.000	3.69934	-0.00678200
774.000	3.69797	-0.00726900
776.000	3.69597	-0.00750700
778.000	3.69373	-0.00751400
780.000	3.69194	-0.00733800
782.000	3.69129	-0.00695900
784.000	3.69047	-0.00652600
786.000	3.68793	-0.00610100
788.000	3.68458	-0.00582100
790.000	3.68199	-0.00593300
792.000	3.68147	-0.00673900
794.000	3.68135	-0.00752200
796.000	3.68071	-0.00756100
798.000	3.67948	-0.00709000
800.000	3.67755	-0.00649600
802.000	3.67456	-0.00601500
804.000	3.67160	-0.00566500
806.000	3.66965	-0.00571900
808.000	3.66862	-0.00599200
810.000	3.66844	-0.00619700
812.000	3.66932	-0.00609600
814.000	3.66990	-0.00588100
816.000	3.66856	-0.00556000
818.000	3.66582	-0.00522000
820.000	3.66250	-0.00499600
822.000	3.65902	-0.00503400
824.000	3.65596	-0.00509300
826.000	3.65456	-0.00484800
828.000	3.65418	-0.00454900
830.000	3.65368	-0.00466600
832.000	3.65209	-0.00565500
834.000	3.65096	-0.00659300
836.000	3.65092	-0.00705100
